[1, 2, 3, 2, 1, 1, 2, 2, 1, 1, 1, 1, 1, 1, 1, 2, 1, 1, 1, 1, 3, 1, 2, 1, 1, 1, 2, 1, 1, 1, 1, 1, 1, 1, 2, 1, 1, 1, 2, 1, 1, 1, 1, 1, 2, 1, 1, 1, 1, 1, 1, 2, 1, 1, 1, 1, 1, 1, 1, 1, 1, 3, 1, 2, 1, 1, 2, 2, 3, 1, 2, 1, 1, 1, 1, 2, 1, 1, 1, 1, 2, 1, 1, 1, 1, 1, 4, 1, 2, 1, 1, 2, 4, 1, 2, 1, 1, 1, 1, 2, 1, 2, 1, 2, 1, 1, 1, 1, 2, 3, 1, 1, 1, 1, 1, 2, 1, 1, 1, 1, 1, 1, 1, 1, 1, 1, 1, 1, 1, 1, 2, 1, 1, 1, 1, 1, 1, 2, 1, 1, 1, 1, 1, 1, 1, 1, 1, 1, 1, 1, 1, 1, 1, 1, 1, 1, 1, 1, 1, 1, 1, 1, 1, 1, 1, 1, 2, 1, 1, 1, 2, 3, 1, 1, 1, 2, 1, 1, 1, 1, 1, 1, 2, 1, 1, 2, 2, 1, 1, 2, 2, 2, 1, 1, 1, 1, 1, 1, 2, 2, 1, 1, 1, 2, 2, 1, 1, 1, 1, 2, 2, 1, 2, 1, 1, 1, 2, 1, 2, 1, 1, 2, 1, 1, 1, 1, 2, 1, 2, 2, 1, 1, 1, 2, 2, 2, 1, 1, 1, 1, 2, 1, 2, 1, 1, 1, 2, 2, 2, 1, 1, 1, 1]
[1, 2, 1, 1, 1, 1, 2, 1, 1, 1, 1, 1, 1, 1, 1, 1, 1, 1, 1, 1, 1, 1, 1, 1, 1, 1, 1, 1, 1, 1, 1, 1, 1, 1, 1, 1, 1, 2, 1, 2, 1, 1, 1, 1, 1, 2, 1, 2, 1, 2, 1, 1, 3, 2, 2, 4, 1, 1, 2, 1, 1, 2, 2, 1, 1, 1, 3, 1, 1, 1, 2, 2, 2, 2, 1, 2, 2, 1, 1, 1, 2, 2, 3, 1, 1, 1, 3, 2, 1, 1, 1, 1, 1, 1, 1, 4, 1, 1, 1, 2, 3, 2, 1, 1, 2, 2, 1, 2, 1, 2, 2, 1, 1, 2, 2, 1, 1, 1, 2, 1, 1, 1, 2, 1, 1, 2, 2, 2, 2, 1, 2, 1, 1, 1, 1, 1, 2, 1, 2, 1, 2, 1, 1, 1, 1, 1, 1, 1, 1, 1, 2, 1, 1, 1, 2, 1, 1, 1, 1, 1, 1, 1, 1, 3, 2, 1, 1, 1, 1, 1, 1, 2, 1, 2, 1, 1, 1, 1, 1, 1, 2, 2, 1, 1, 1, 1, 1, 1, 1, 1, 1, 1, 1, 2, 1, 1, 2, 3, 1, 3, 2, 1, 2, 2, 1, 1, 1, 1, 1, 2, 1, 1, 1, 2, 2, 1, 2, 1, 1, 1, 1, 1, 1, 1, 2, 1, 2, 1, 2, 1, 1, 1, 2, 1, 2, 3, 2, 1, 1, 1, 1, 1, 2, 2, 1, 1, 1, 1, 1, 2, 1, 2, 3, 1, 1, 3, 1, 1, 1, 1, 1, 1]
[2, 1, 3, 1, 1, 2, 1, 3, 2, 1, 1, 1, 1, 1, 1, 1, 1, 3, 1, 1, 1, 2, 3, 1, 4, 1, 1, 1, 1, 1, 1, 1, 2, 2, 1, 4, 2, 1, 2, 1, 2, 1, 1, 1, 1, 1, 1, 1, 1, 1, 1, 2, 1, 1, 2, 2, 1, 1, 1, 1, 2, 1, 1, 3, 1, 3, 2, 1, 1, 2, 4, 1, 1, 1, 1, 3, 1, 1, 1, 1, 1, 1, 1, 1, 1, 1, 1, 2, 1, 1, 1, 1, 1, 3, 2, 1, 2, 1, 1, 1, 1, 3, 1, 1, 2, 2, 7, 1, 1, 1, 1, 1, 1, 1, 2, 1, 1, 2, 1, 2, 1, 3, 1, 1, 1, 4, 2, 1, 3, 3, 1, 1, 2, 4, 2, 1, 1, 4, 2, 1, 2, 4, 3, 1, 1, 1, 2, 3, 5, 2, 1, 3, 4, 1, 2, 4, 2, 3, 2, 3, 4, 1, 1, 3, 1, 2, 1, 3, 1, 2, 1, 1, 1, 1, 2, 2, 3, 2, 1, 1, 1, 1, 2, 1, 1, 1, 2, 1, 1, 1, 1, 1, 1, 1, 1, 4, 1, 1, 1, 1, 1, 1, 2, 1, 3, 1, 1, 1, 1, 1, 1, 1, 1, 1, 2, 1, 1, 1, 1, 1, 1, 1, 1, 1, 1, 2, 1, 1, 1, 2, 1, 1, 3, 1, 2, 2, 1, 2, 2, 2, 1, 1, 2, 1, 1, 2, 1, 2, 1, 3, 1, 3, 2, 1, 2, 1, 1, 1, 1, 2, 2, 1, 2, 1, 1, 1, 1, 2, 1, 1, 2, 2, 2]
[1, 1, 1, 1, 1, 1, 2, 1, 1, 2, 1, 1, 1, 1, 2, 1, 1, 1, 1, 1, 2, 1, 1, 1, 1, 1, 1, 1, 2, 1, 1, 1, 1, 1, 1, 1, 1, 2, 1, 1, 2, 1, 3, 1, 1, 1, 2, 1, 1, 1, 1, 1, 1, 1, 1, 1, 2, 2, 1, 1, 1, 2, 1, 1, 2, 1, 1, 2, 1, 4, 2, 1, 2, 1, 2, 2, 1, 1, 1, 1, 2, 5, 2, 1, 1, 1, 1, 3, 1, 2, 2, 1, 1, 1, 1, 2, 1, 2, 1, 1, 1, 2, 1, 1, 1, 1, 1, 1, 1, 1, 1, 1, 3, 1, 1, 1, 1, 3, 1, 1, 1, 1, 1, 1, 1, 1, 1, 1, 1, 1, 1, 1, 3, 1, 1, 2, 2, 2, 2, 2, 1, 4, 2, 3, 1, 2, 1, 3, 4, 2, 2, 3, 1, 3, 1, 3, 1, 2, 3, 1, 1, 1, 1, 2, 1, 2, 1, 3, 1, 1, 2, 1, 2, 2, 1, 1, 3, 1, 1, 2, 1, 2, 1, 2, 1, 2, 1, 2, 2, 2, 2, 2, 1, 1, 1, 1, 2, 2, 1, 2, 1, 1, 1, 2, 1, 2, 1, 1, 1, 1, 1, 1, 3, 3, 1, 2, 2, 1, 1, 1, 1, 3, 2, 3, 3, 1, 2, 2, 4, 4, 2, 1, 1, 3, 1, 3]
[1, 3, 2, 4, 2, 1, 3, 1, 2, 1, 1, 2, 1, 1, 3, 1, 2, 1, 1, 1, 1, 1, 1, 2, 1, 2, 1, 1, 1, 1, 2, 2, 4, 2, 1, 1, 3, 2, 1, 1, 3, 2, 1, 1, 1, 2, 1, 1, 1, 1, 2, 2, 2, 2, 1, 1, 2, 1, 2, 1, 2, 2, 4, 1, 1, 2, 1, 2, 1, 1, 2, 1, 1, 1, 2, 1, 1, 1, 1, 1, 2, 2, 1, 1, 2, 1, 1, 2, 1, 2, 1, 1, 2, 1, 1, 1, 1, 1, 1, 1, 2, 3, 2, 1, 1, 1, 1, 2, 1, 2, 2, 1, 2, 1, 1, 3, 1, 1, 2, 2, 3, 2, 1, 1, 1, 2, 1, 5, 1, 2, 1, 2, 2, 1, 2, 1, 2, 1, 1, 1, 2, 1, 1, 2, 1, 2, 2, 3, 2, 4, 2, 1, 1, 2, 1, 1, 3, 1, 1, 2, 4, 1, 2, 2, 1, 2, 1, 2, 1, 4, 1, 4, 4, 4, 2, 1, 1, 4, 3, 1, 3, 2]
[4, 2, 1, 2, 1, 1, 2, 2, 2, 1, 1, 1, 2, 1, 2, 2, 1, 1, 1, 3, 1, 1, 4, 2, 1, 1, 1, 2, 1, 3, 1, 2, 1, 1, 3, 1, 1, 1, 1, 5, 1, 1, 2, 2, 3, 1, 2, 3, 2, 2, 1, 3, 2, 3, 1, 1, 1, 2, 1, 1, 1, 1, 1, 1, 1, 1, 1, 2, 1, 2, 1, 2, 1, 1, 1, 1, 2, 2, 2, 1, 2, 1, 1, 1, 1, 2, 1, 1, 1, 1, 1, 2, 1, 3, 1, 1, 2, 2, 1, 5, 1, 2, 1, 1, 1, 1, 2, 1, 1, 1, 1, 1, 1, 4, 2, 3, 1, 2, 2, 2, 4, 4, 2, 3, 1, 2, 1, 1, 2, 1, 2, 2, 2, 1, 1, 1, 2, 1, 1, 2, 1, 1, 2, 2, 1, 1, 3, 1, 1, 3, 2, 2, 1, 2, 1, 2, 2, 2, 1, 2, 2, 4, 4, 2, 1, 4]
[4, 1, 3, 2, 3, 6, 1, 3, 2, 1, 1, 1, 2, 1, 5, 2, 2, 1, 1, 2, 1, 1, 5, 4, 1, 1, 1, 1, 4, 1, 1, 1, 2, 3, 1, 2, 2, 4, 1, 5, 2, 1, 2, 1, 5, 4, 2, 1, 2, 1, 1, 1, 2, 3, 1, 1, 3, 3, 2, 1, 3, 2, 2, 1, 2, 2, 1, 2, 3, 1, 2, 1, 1, 1, 2, 1, 6, 1, 2, 3, 1, 2, 1, 2, 1, 2, 1, 1, 1, 2, 3, 3, 4, 1, 2, 3, 1, 1, 3, 4, 1, 1, 2, 1, 1, 2, 2, 1, 1, 1, 1, 1, 1, 2, 2]
[3, 2, 2, 2, 1, 2, 2, 2, 1, 2, 4, 1, 2, 2, 1, 1, 2, 2, 3, 1, 1, 2, 2, 1, 2, 2, 2, 1, 1, 2, 1, 1, 2, 2, 2, 3, 1, 2, 3, 3, 3, 2, 1, 2, 2, 2, 3, 1, 3, 1, 1, 3, 2, 4, 3, 1, 5, 1, 12, 1, 3, 2, 5, 1, 1, 1, 1, 2, 1, 1, 3, 3, 2, 3, 3, 2, 3, 1, 1, 4, 3, 1, 2, 1, 1, 1, 1, 2, 1, 1, 2, 1, 2, 1, 6, 3, 3, 2, 3, 3, 2]
[2, 1, 2, 2, 2, 1, 2, 8, 3, 2, 1, 2, 3, 2, 1, 1, 5, 1, 3, 3, 3, 9, 2, 4, 4, 5, 2, 1, 3, 1, 5, 2, 2, 4, 2, 5, 1, 2, 2, 1, 3, 1, 1, 1, 4, 2, 1, 2, 3, 1, 1, 3, 3, 1, 3, 1, 1, 3, 2, 3, 1, 3, 2]
[2, 2, 2, 3, 1, 2, 10, 2, 1, 4, 1, 1, 4, 1, 4, 2, 5, 2, 2, 3, 1, 2, 1, 3, 2, 1, 2, 3, 4, 2, 10, 1, 2, 2, 3, 1, 2, 3, 4, 1, 3, 6, 3, 3, 3, 2, 3, 1, 1, 1, 1, 2, 2]
[2, 1, 2, 2, 1, 10, 4, 4, 3, 2, 2, 1, 2, 2, 3, 1, 2, 1, 3, 2, 1, 3, 4, 4, 4, 2, 4, 2, 1, 4, 6, 3, 5, 1, 2, 2, 2, 1, 2, 4]
[6, 4, 2, 3, 2, 17, 1, 5, 3, 1, 3, 1, 1, 3, 7, 2, 2, 3, 3, 5]
[2, 1, 6, 2, 1, 1, 1, 2, 1, 7, 1, 5]
[4, 5, 1, 3, 7, 3, 2, 5, 6, 5, 1, 3, 2, 1, 2]
[1, 2]
[1, 3, 18, 3, 1, 3]
[15]
[]
[3]
[]
[6]

# 分别对应1-21个lib，host个数